1034432.75
50619.9453125
624468.125
7753.7392578125
6362.8076171875
12248.6328125
7854.3017578125
11031.4150390625
9205.2607421875
6416.94140625
29170.962890625
8024.49072265625
5918.8359375
7141.38134765625
33460.8984375
3722.82421875
3224.348388671875
3625.737548828125
5765.86767578125
6537.814453125
3935.917724609375
3574.951416015625
2919.199462890625
6946.0322265625
6588.841796875
3711.671630859375
4869.57861328125
2332.094970703125
5006.2890625
2455.578857421875
2229.45751953125
3175.61572265625
1998.0308837890625
3091.05517578125
2327.961669921875
1754.49365234375
3127.602783203125
2726.51123046875
3945.25439453125
4213.201171875
3686.2412109375
2215.68798828125
3074.025390625
71062.1796875
1351.6910400390625
1975.32080078125
1871.966064453125
1632.3775634765625
1768.4559326171875
1476.5599365234375
1369.4049072265625
1475.6038818359375
1311.951171875
1012.2408447265625
2007.7738037109375
1935.8819580078125
1716.455078125
1100.0223388671875
864.6766357421875
1460.343994140625
1070.52099609375
1286.2056884765625
1187.8978271484375
1200.7291259765625
1575.311279296875
1268.4947509765625
1179.745361328125
1322.27587890625
1565.8477783203125
1086.2806396484375
879.8207397460938
1224.9215087890625
1124.1925048828125
878.888671875
1006.1499633789062
1081.0804443359375
1031.7259521484375
1466.8477783203125
1646.891357421875
1054.8453369140625
750.2230224609375
1063.429931640625
752.2999267578125
1198.357177734375
890.5899047851562
1124.3104248046875
1149.2681884765625
1345.0889892578125
1180.04931640625
838.18603515625
816.9618530273438
962.3803100585938
652.8814086914062
775.6996459960938
825.2216186523438
1165.2481689453125
21825.568359375
533.3442993164062
760.6119384765625
840.0927124023438
841.2741088867188
840.2599487304688
596.244140625
721.8862915039062
710.91796875
629.5806884765625
2156.661865234375
728.447998046875
482.21209716796875
493.22613525390625
784.11181640625
811.2604370117188
963.6840209960938
688.321533203125
772.899169921875
656.0281372070312
624.14599609375
515.2715454101562
411.76971435546875
520.1209716796875
467.4415588378906
502.07110595703125
465.22491455078125
389.3692626953125
420.3743591308594
405.7169189453125
426.8593444824219
490.96954345703125
394.02978515625
480.9432067871094
1488.910888671875
370.78076171875
267.2584533691406
381.6568298339844
386.9935302734375
517.810791015625
329.0780029296875
355.1408386230469
302.60107421875
381.0240478515625
340.0504455566406
438.4007568359375
311.9496154785156
361.4673767089844
494.83349609375
312.8417663574219
383.1844787597656
288.17193603515625
291.7330017089844
340.3584899902344
359.09307861328125
472.99212646484375
288.3373718261719
325.7965393066406
487.6199035644531
270.82537841796875
371.9006652832031
356.4437561035156
286.46478271484375
247.09878540039062
260.657958984375
287.46051025390625
237.47982788085938
310.147216796875
255.6739044189453
415.0849304199219
292.8433532714844
249.79315185546875
214.52517700195312
258.3100891113281
255.80152893066406
246.0704345703125
265.26446533203125
210.03981018066406
253.73670959472656
251.3303680419922
209.03839111328125
273.6827392578125
245.59593200683594
313.3380432128906
196.20811462402344
216.89842224121094
161.59999084472656
213.3413848876953
229.20523071289062
216.431396484375
188.1962432861328
191.44337463378906
232.70315551757812
205.54713439941406
210.943115234375
177.11521911621094
167.4785919189453
195.31382751464844
229.54066467285156
233.29261779785156
153.2333221435547
173.3482208251953
182.19631958007812
197.30450439453125
166.235595703125
170.7803955078125
158.60458374023438
210.07537841796875
182.03956604003906
160.10044860839844
143.74615478515625
154.44708251953125
135.98268127441406
344.4301452636719
188.85255432128906
129.83364868164062
136.76893615722656
126.05925750732422
142.79254150390625
142.15557861328125
163.14926147460938
121.56861877441406
166.29270935058594
128.9070281982422
119.26543426513672
152.7604522705078
142.9659881591797
146.44589233398438
110.47895050048828
108.88516235351562
110.40556335449219
128.5664825439453
140.69903564453125
113.84620666503906
142.45086669921875
121.52759552001953
135.45352172851562
106.76835632324219
115.0704574584961
157.29031372070312
104.00731658935547
118.20069122314453
96.67433166503906
126.01851654052734
99.00205993652344
134.437744140625
101.89339447021484
96.54901885986328
135.569580078125
95.08416748046875
103.86746215820312
104.00720977783203
93.35668182373047
87.47969055175781
86.29114532470703
84.23882293701172
114.29943084716797
99.88887786865234
87.74891662597656
83.98721313476562
124.8013687133789
91.26848602294922
85.26000213623047
96.78279876708984
75.3523178100586
78.57925415039062
85.33468627929688
80.14846801757812
74.79991912841797
73.6062240600586
78.73384094238281
80.01708984375
79.71659088134766
72.88143920898438
149.83338928222656
86.82656860351562
81.12881469726562
76.76129150390625
87.94881439208984
64.32532501220703
63.82565689086914
56.338802337646484
60.74406051635742
58.511837005615234
59.04985809326172
57.25540542602539
77.8996353149414
51.25330352783203
72.34546661376953
65.46014404296875
67.64276885986328
53.49626541137695
56.02565383911133
57.56523132324219
58.658599853515625
56.80712890625
59.12287902832031
52.251220703125
55.03538131713867
82.83671569824219
55.46513366699219
147.7894744873047
59.492340087890625
57.138694763183594
50.59980010986328
55.14120864868164
46.9423942565918
48.71430587768555
48.42204666137695
46.99232482910156
42.341800689697266
45.44320297241211
54.640174865722656
43.58317947387695
40.66964340209961
42.810123443603516
56.083560943603516
41.91657257080078
42.29499816894531
41.187217712402344
43.881385803222656
44.65940856933594
43.562950134277344
57.580867767333984
41.08127975463867
35.7960319519043
36.44123840332031
45.8375358581543
35.17945098876953
36.08970260620117
67.08258056640625
37.14640426635742
36.487648010253906
36.91822052001953
37.24444580078125
32.24920654296875
37.98712921142578
36.99458694458008
32.662353515625
35.3593864440918
30.255847930908203
36.857208251953125
34.33427810668945
32.53504943847656
30.7629451751709
29.73674774169922
33.3443717956543
35.073326110839844
30.43631935119629
29.721176147460938
42.054744720458984
29.63516616821289
28.467451095581055
27.14647102355957
25.766433715820312
24.698314666748047
24.62506103515625
26.269023895263672
25.628585815429688
26.88224220275879
25.260059356689453
25.886428833007812
26.35493278503418
28.219161987304688
24.555538177490234
25.722801208496094
24.545516967773438
25.266403198242188
22.094280242919922
27.74211883544922
25.70648193359375
22.1524658203125
21.313817977905273
26.545249938964844
22.817514419555664
20.888446807861328
21.1353759765625
21.8509464263916
21.44573211669922
21.09703826904297
22.92777442932129
19.063114166259766
21.220918655395508
21.668819427490234
22.301223754882812
20.884958267211914
19.094453811645508
19.099822998046875
19.255992889404297
19.459014892578125
20.650083541870117
17.817598342895508
19.016828536987305
18.91071891784668
22.415740966796875
18.658916473388672
20.366403579711914
19.71904945373535
30.687345504760742
19.770389556884766
16.94638442993164
17.169574737548828
17.343671798706055
17.173322677612305
16.348609924316406
18.024202346801758
18.133512496948242
15.852163314819336
18.42723846435547
15.195323944091797
14.495849609375
15.404661178588867
17.283668518066406
15.742341041564941
15.134366035461426
14.126690864562988
15.319660186767578
13.971195220947266
14.486486434936523
13.572502136230469
13.91063117980957
14.227981567382812
12.970230102539062
14.320425987243652
13.753748893737793
14.218598365783691
13.116083145141602
14.080497741699219
13.606179237365723
12.991006851196289
12.112714767456055
12.990659713745117
13.417651176452637
13.140776634216309
12.602997779846191
12.167686462402344
11.747640609741211
11.854402542114258
12.517425537109375
11.948348999023438
11.67660140991211
11.64592170715332
12.491601943969727
14.595986366271973
12.656068801879883
12.049603462219238
11.133407592773438
10.970807075500488
11.01794147491455
10.411174774169922
10.540501594543457
10.688904762268066
11.581707000732422
9.813697814941406
9.183892250061035
10.746084213256836
10.656210899353027
12.764200210571289
10.152649879455566
9.254047393798828
9.051153182983398
9.095176696777344
15.432037353515625
8.891940116882324
9.466679573059082
9.36398696899414
9.179343223571777
9.511030197143555
9.524460792541504
8.513910293579102
8.807470321655273
9.10232162475586
8.30843734741211
8.310734748840332
9.276254653930664
8.460742950439453
8.718457221984863
7.923581123352051
8.040255546569824
8.305196762084961
7.550315856933594
7.909077167510986
8.978193283081055
7.937312602996826
7.603558540344238
7.833064556121826
6.934203624725342
8.04189682006836
7.707964897155762
7.8692708015441895
8.321849822998047
7.5292463302612305
7.576497554779053
7.2870001792907715
7.570213794708252
7.02717399597168
7.051085472106934
6.770011901855469
6.802350044250488
6.7524733543396
6.749638557434082
6.4967474937438965
6.912829875946045
6.682067394256592
4.000960350036621
2.5064499378204346
2.2909586429595947
2.0207266807556152
1.9392699003219604
1.9621285200119019
1.8066521883010864
1.7209099531173706
1.6379995346069336
1.6183632612228394
1.5566693544387817
1.5671123266220093
1.4874041080474854
1.4107999801635742
1.3937522172927856
1.294518232345581
1.340059757232666
1.324729323387146
1.3041092157363892
1.3346822261810303
1.2160722017288208
1.3330323696136475
1.2486903667449951
1.228456974029541
1.2779558897018433
1.2261301279067993
1.1756901741027832
1.1825265884399414
1.1450443267822266
1.1986912488937378
1.3251333236694336
1.1291441917419434
1.115723729133606
1.1343106031417847
1.1415860652923584
1.2657643556594849
1.2526583671569824
1.1842679977416992
1.0965298414230347
1.1178358793258667
1.1236993074417114
1.1542261838912964
1.1431337594985962
1.1668226718902588
1.1260581016540527
1.039779782295227
1.0969957113265991
1.046695590019226
1.0911155939102173
1.0849748849868774
1.1008163690567017
1.0557743310928345
1.0729784965515137
1.0454416275024414
1.1011755466461182
1.0523639917373657
1.0840141773223877
0.9953367710113525
1.0770891904830933
1.0284779071807861
1.0110188722610474
1.037368893623352
1.0259015560150146
1.0105500221252441
1.0451438426971436
1.0663120746612549
1.1186522245407104
1.029672384262085
1.011462926864624
1.0252848863601685
1.0126019716262817
1.0171360969543457
1.0494765043258667
0.9785012006759644
1.007749319076538
0.9851531982421875
0.9800517559051514
0.9678595662117004
1.0105772018432617
1.0548380613327026
1.037582278251648
1.0108461380004883
0.9843858480453491
0.9810693860054016
1.0438225269317627
1.006410002708435
0.9568668603897095
0.9803798198699951
0.9754019379615784
1.0045901536941528
1.016387939453125
0.9931421875953674
0.9461843967437744
0.9846053719520569
1.0152806043624878
0.9822278618812561
0.9963850975036621
0.9580625295639038
0.9899237155914307
0.9219894409179688
0.9701798558235168
0.965739905834198
0.9665799140930176
0.9641065001487732
0.9836280345916748
0.9760918021202087
1.012189269065857
0.9579242467880249
0.9688329100608826
0.9104552268981934
0.9667357206344604
0.875383198261261
0.9451092481613159
0.9564999341964722
0.9206295609474182
0.9662512540817261
0.9237465262413025
0.9272288084030151
0.9657548666000366
0.9489686489105225
0.9166174530982971
0.9467933773994446
0.9453399777412415
0.9089856147766113
0.9691659808158875
0.9108682870864868
0.9173113107681274
0.9082690477371216
0.9628925919532776
0.9224642515182495
0.9161523580551147
0.9454948902130127
0.8902592658996582
0.9451740980148315
0.8974747657775879
0.9248754382133484
0.9300365447998047
0.9148807525634766
0.8803871870040894
0.9133507013320923
0.8880494832992554
0.950218141078949
0.9493598937988281
0.9499466419219971
0.9222599267959595
0.8873235583305359
0.8929720520973206
0.9123430252075195
0.8951513171195984
0.9962416887283325
0.8718380331993103
0.8893613219261169
0.9167771339416504
0.8798332214355469
0.8718171119689941
0.9065496921539307
0.8805098533630371
0.9731056690216064
0.9715002179145813
0.8972728252410889
0.9006193280220032
0.8698334097862244
0.8666958808898926
0.8947048783302307
0.9179754853248596
0.9250470995903015
0.9422776103019714
0.8874104619026184
0.9260047674179077
0.8657879829406738
0.8904895186424255
0.9436900615692139
0.8972592353820801
0.907097578048706
0.8607844710350037
0.8842951059341431
0.874480664730072
0.9025601744651794
0.9286537170410156
0.9035412073135376
0.9207887649536133
0.8562597632408142
0.8900782465934753
0.8496909141540527
0.8560545444488525
0.9153565168380737
0.9802238345146179
0.8889848589897156
0.9458459615707397
0.9517874717712402
0.8814456462860107
0.8951876163482666
0.8956784009933472
0.8440006971359253
0.9042114019393921
0.881758451461792
0.8978491425514221
0.8660646677017212
0.8446970582008362
0.8580698370933533
0.9039808511734009
0.8709625005722046
0.866260290145874
0.8711759448051453
0.8716663122177124
0.8680827021598816
0.8711875677108765
0.8793559670448303
0.8529228568077087
0.8695324063301086
0.8762314319610596
0.9101862907409668
0.8916524648666382
0.8305978178977966
0.8418191075325012
0.8462665677070618
0.9407572150230408
1.0157307386398315
1.0766737461090088
0.9561392664909363
0.8673076033592224
0.8569034337997437
0.8368214964866638
0.8925027847290039
0.8869735598564148
0.859602153301239
0.8606852293014526
0.897055447101593
0.8794591426849365
0.8633323311805725
0.8677945733070374
0.8355171084403992
0.8492376208305359
0.8511960506439209
0.8549870848655701
0.8835168480873108
0.873910129070282
0.8426504731178284
0.8385615944862366
0.8683056831359863
0.8169556856155396
0.798244297504425
0.8462569117546082
0.8057461380958557
0.8293074369430542
0.8530182838439941
0.8575997948646545
0.8692085146903992
0.9116209745407104
0.8484200835227966
0.8580403327941895
0.8516156673431396
0.8612139821052551
0.8151995539665222
0.8318973779678345
0.8159248232841492
0.8450254797935486
0.888403058052063
0.8085553050041199
0.8608530163764954
0.8493746519088745
0.8689584136009216
0.834104597568512
0.8450644612312317
0.8502161502838135
0.8310211300849915
0.8856412172317505
0.8732244968414307
0.8865367770195007
0.8499824404716492
0.8176661729812622
0.8743678331375122
0.8828001618385315
0.8774945139884949
0.8113406896591187
0.8735471963882446
0.8112704753875732
0.8717296719551086
0.7918317914009094
0.8252205848693848
0.8350159525871277
0.8426572680473328
0.8884190917015076
0.8254176378250122
0.8470829725265503
0.8501549363136292
0.863949716091156
0.8238610625267029
0.8419188261032104
0.799001157283783
0.8412246108055115
0.8575604557991028
0.8897582292556763
0.8366539478302002
0.8367355465888977
0.862969160079956
0.8116247653961182
0.8307622671127319
0.8974655270576477
0.8689197897911072
0.8447275757789612
0.8488879799842834
0.8239215612411499
0.8568286895751953
0.8176587820053101
0.800258219242096
0.8551515936851501
0.8552291989326477
0.9809210300445557
0.9108789563179016
0.8711227774620056
0.813885509967804
0.805254340171814
0.8102174997329712
0.830702006816864
0.8066055178642273
0.8438476324081421
0.8097500801086426
0.8048564195632935
0.8187893033027649
0.7578904032707214
0.8273689150810242
0.7930822968482971
0.8036396503448486
0.8275635242462158
0.805401086807251
0.8083685040473938
0.7783229351043701
0.8060941100120544
0.8068618178367615
0.7964743375778198
0.8356450200080872
0.8081933856010437
0.7845659852027893
0.8099463582038879
0.804022490978241
0.8016719818115234
0.7255151867866516
0.812202513217926
0.7678692936897278
0.7820146083831787
0.8532136678695679
0.7996748089790344
0.8712773323059082
0.7421695590019226
0.8654850125312805
0.8142936825752258
0.8229851722717285
0.7911534905433655
0.8251383900642395
0.8181941509246826
0.8075054883956909
1.085736632347107
0.9712620377540588
0.8785114884376526
0.8779044151306152
0.8369248509407043
0.843347430229187
0.7907042503356934
0.7863203883171082
0.7285652756690979
0.7468891143798828
0.7458456754684448
0.7683348655700684
0.8038196563720703
0.7764297127723694
0.7657643556594849
0.7961973547935486
0.7352726459503174
0.7580320835113525
733509.4375
11715.6640625
44341.3828125
4348.5478515625
4081.78173828125
3226.2333984375
6089.96142578125
5520.33935546875
2624.135986328125
3383.30078125
2532.870849609375
2221.599853515625
2608.1845703125
1789.9271240234375
1672.81103515625
1149.048583984375
5882.56396484375
1051.361328125
1305.9307861328125
1618.474853515625
905.5950927734375
2119.033447265625
794.1481323242188
1056.60205078125
663.2715454101562
833.0220947265625
528.60302734375
988.9109497070312
755.4384765625
1711.608642578125
676.4481811523438
757.1026611328125
1010.6405639648438
756.152099609375
550.0466918945312
365.38812255859375
478.2833557128906
455.4619445800781
572.6744995117188
4037.03515625
404.9320373535156
363.6456604003906
715.4381713867188
345.22381591796875
399.3141784667969
451.033447265625
427.67486572265625
337.99810791015625
416.7914733886719
296.7320251464844
586.474609375
443.74053955078125
515.8461303710938
293.12152099609375
337.5401916503906
222.84176635742188
659.3837890625
341.7351379394531
1834.6712646484375
216.70050048828125
145.18785095214844
431.8055114746094
193.20285034179688
476.9608154296875
222.95281982421875
581.054443359375
170.0543975830078
183.84544372558594
183.80506896972656
132.72425842285156
413.17156982421875
142.44461059570312
268.3664245605469
196.3241729736328
238.21917724609375
140.4524688720703
171.10935974121094
167.4275665283203
171.1013641357422
802.802734375
163.54232788085938
255.83065795898438
331.59320068359375
129.17276000976562
160.46856689453125
275.14373779296875
242.08187866210938
361.2116394042969
295.49029541015625
175.6985321044922
174.231201171875
328.9836730957031
202.48397827148438
159.08445739746094
182.94285583496094
113.80187225341797
149.28610229492188
146.62786865234375
203.2351837158203
322.108154296875
517.5440063476562
155.51980590820312
161.6818389892578
128.33836364746094
82.36033630371094
119.22478485107422
109.96398162841797
194.73373413085938
157.2362823486328
172.81521606445312
124.59732055664062
91.30956268310547
156.46246337890625
122.3716049194336
128.98736572265625
227.32203674316406
89.95503234863281
107.94759368896484
142.056640625
165.4714813232422
117.00745391845703
194.9943084716797
116.22784423828125
79.37279510498047
204.04078674316406
127.5857162475586
103.18741607666016
88.9758071899414
210.32310485839844
77.77279663085938
230.12356567382812
113.46151733398438
113.66382598876953
83.7984619140625
144.0591278076172
123.18108367919922
83.70951080322266
85.83612823486328
70.17054748535156
73.47611999511719
140.30516052246094
61.2287483215332
107.72529602050781
254.22586059570312
87.71189880371094
93.35218048095703
72.01922607421875
161.79116821289062
56.821983337402344
177.77598571777344
69.88088989257812
89.62826538085938
55.591827392578125
101.05860900878906
54.428646087646484
76.69723510742188
70.7573471069336
41.93516540527344
119.13909149169922
53.65439224243164
61.60578536987305
59.175453186035156
76.96846771240234
66.89452362060547
41.581703186035156
71.85908508300781
49.916595458984375
113.07646179199219
75.40482330322266
66.44283294677734
113.63369750976562
51.98270797729492
70.15245819091797
94.70389556884766
103.50938415527344
48.653682708740234
86.91402435302734
227530.21875
2268.091552734375
1472.0887451171875
1690.5589599609375
1223.6861572265625
982.4946899414062
849.2091674804688
3402.341796875
726.7821044921875
935.9314575195312
949.276123046875
513.8009643554688
948.1744995117188
481.46881103515625
597.8463134765625
463.1605529785156
450.9012756347656
487.90203857421875
341.3440246582031
420.63037109375
732.4994506835938
1807.8758544921875
395.66192626953125
281.0562438964844
634.313232421875
419.79034423828125
380.3095397949219
297.8543701171875
291.9073791503906
300.81622314453125
352.3520202636719
221.67929077148438
247.55636596679688
265.68597412109375
276.2471618652344
337.8463134765625
386.7264709472656
197.10452270507812
207.73150634765625
223.3828582763672
746.966552734375
345.20281982421875
204.2701416015625
293.51507568359375
213.72561645507812
358.6337585449219
209.58973693847656
168.1685791015625
177.6914825439453
172.30239868164062
224.96295166015625
145.43568420410156
175.15538024902344
258.0429382324219
175.21580505371094
150.1114959716797
124.33976745605469
146.0745086669922
193.60073852539062
116.81712341308594
176.501953125
142.96791076660156
129.88198852539062
124.32099151611328
37.140113830566406
12.961071968078613
8.067447662353516
6.555333614349365
5.999045372009277
5.045432090759277
4.688541412353516
4.163509845733643
3.799210548400879
3.5456185340881348
3.4653635025024414
3.1083874702453613
3.0442118644714355
2.9324586391448975
2.804295539855957
2.605555295944214
2.528578519821167
2.5845999717712402
2.3331007957458496
2.400547742843628
2.2814865112304688
2.252305269241333
2.222623586654663
2.1455655097961426
1.9795074462890625
2.107675790786743
2.012359619140625
1.9479414224624634
1.9252161979675293
1.903912901878357
1.8940587043762207
1.792626142501831
1.749690055847168
1.8898723125457764
1.7624508142471313
1.6819392442703247
1.6856971979141235
1.6604446172714233
1.6898268461227417
1.6101514101028442
1.59030020236969
1.5881891250610352
1.7218446731567383
1.5594500303268433
1.5443460941314697
1.570159912109375
1.5170857906341553
1.5020239353179932
1.4819564819335938
1.5238876342773438
1.5486273765563965
1.4811594486236572
1.465808629989624
1.4212664365768433
1.468166470527649
1.4852373600006104
1.3785216808319092
1.415727138519287
1.3763182163238525
1.4070154428482056
1.337376594543457
1.355133056640625
1.432260274887085
1.3580756187438965
1.3750606775283813
1.3076518774032593
1.337164044380188
1.2923084497451782
1.3852297067642212
1.2723811864852905
1.275780439376831
1.2923626899719238
1.3105266094207764
1.2870138883590698
1.3025553226470947
1.283218502998352
1.2903690338134766
1.2755168676376343
1.2018635272979736
1.2791740894317627
1.405644416809082
1.3260023593902588
1.2596598863601685
1.2622954845428467
1.1948758363723755
1.199475884437561
1.2140976190567017
1.2219761610031128
1.2118256092071533
1.2037967443466187
1.288165807723999
1.189849853515625
1.2653738260269165
1.2142322063446045
1.1981654167175293
1.169891119003296
1.1520010232925415
1.1867676973342896
1.1368443965911865
1.2048068046569824
1.144760251045227
1.1625876426696777
1.1189907789230347
1.1072168350219727
1.2303707599639893
1.1628401279449463
1.1315239667892456
1.1255998611450195
1.1162232160568237
1.1439428329467773
1.2341386079788208
1.1581287384033203
1.1769484281539917
1.1348124742507935
1.1284618377685547
1.1125450134277344
1.1210668087005615
1.0923161506652832
1.1151509284973145
1.0787544250488281
1.0996317863464355
1.093772530555725
1.073983073234558
1.0106923580169678
1.103816270828247
1.1045736074447632
1.0940932035446167
1.0552035570144653
1.0321063995361328
1.099356770515442
1.0339508056640625
1.1197339296340942
1.0915284156799316
1.0348845720291138
1.1140345335006714
1.0770341157913208
1.0843956470489502
1.065993309020996
1.0734244585037231
1.0562061071395874
1.0570182800292969
1.0301156044006348
1.0430238246917725
1.0602363348007202
1.0270963907241821
1.0331802368164062
1.0339113473892212
1.000655174255371
1.03128981590271
1.0725185871124268
1.0265905857086182
0.98967444896698
1.0504422187805176
1.024434208869934
1.0601593255996704
1.033814549446106
1.0137172937393188
1.0095347166061401
0.9585499167442322
1.0165055990219116
1.038058876991272
1.010332465171814
0.9763196706771851
0.974380612373352
1.0392299890518188
0.9533114433288574
1.0066523551940918
1.0060863494873047
1.0227969884872437
0.9779034852981567
0.9877670407295227
1.0045690536499023
1.0094265937805176
0.9795669913291931
0.991874635219574
0.9667419195175171
0.9968690276145935
1.0014979839324951
0.971369743347168
0.9548017382621765
0.9546599388122559
1.0008033514022827
1.0063906908035278
0.9609336853027344
0.9819582104682922
1.002855896949768
0.9423868060112
0.9480623006820679
0.924113929271698
0.9611935019493103
0.9204744696617126
0.9762571454048157
0.959824800491333
0.9191850423812866
0.9583351612091064
0.9255910515785217
0.9259492754936218
0.9328708052635193
0.9557003378868103
0.932852029800415
0.9166629910469055
0.940208375453949
0.8814539909362793
0.9135338664054871
0.9236142635345459
0.9019078016281128
0.9002671241760254
0.887441873550415
0.9005737900733948
0.8759047985076904
0.8406687378883362
0.8420596122741699
0.843765377998352
0.8699994087219238
0.8238901495933533
0.8801889419555664
0.8590847849845886
0.8529826402664185
0.8239935636520386
0.8388717770576477
0.8472729921340942
0.7987104058265686
0.8446906805038452
0.8300910592079163
0.8347932696342468
0.8425382375717163
0.8537827134132385
0.8431589603424072
0.8071895241737366
0.8137470483779907
0.8021403551101685
0.7885578274726868
0.7927546501159668
0.7891586422920227
0.78691166639328
0.8213596940040588
0.7933521270751953
0.7946115732192993
0.8087335824966431
0.7739042043685913
0.8075262308120728
0.8813980221748352
0.8555430769920349
0.8094315528869629
0.7536680102348328
0.7796440720558167
0.738967776298523
0.7947059273719788
0.7598157525062561
0.7661809325218201
0.8401557207107544
0.8240312337875366
0.7640822529792786
0.7694187760353088
0.8300740718841553
0.8688387870788574
0.7917912602424622
0.8042577505111694
0.758582592010498
0.7784576416015625
0.7390528321266174
0.7512527704238892
0.7560234069824219
0.7717543840408325
0.7899115681648254
0.7680623531341553
0.7314216494560242
0.7731456756591797
0.7583476305007935
0.7467391490936279
0.7596568465232849
0.7549375295639038
0.7401641607284546
0.7493106722831726
0.7621183395385742
0.73896723985672
0.7648341059684753
0.7519979476928711
0.7382400035858154
0.7756767868995667
0.7993679046630859
0.8187494874000549
0.7884755730628967
0.7943971157073975
0.7519452571868896
0.7674177885055542
0.7042045593261719
0.7241687774658203
0.7468631863594055
0.7475369572639465
0.763926088809967
0.7784395813941956
0.7624927759170532
0.7064022421836853
0.7478961944580078
0.7843639254570007
0.7942431569099426
0.815492570400238
0.7109348773956299
0.7709038853645325
0.8005000352859497
0.7421650290489197
0.7510069608688354
0.7310784459114075
0.7296752333641052
0.7671287655830383
0.7471070289611816
0.7682281732559204
0.7268723845481873
0.7156496047973633
0.7392905950546265
0.7186156511306763
0.7082610726356506
0.7388792634010315
0.6906376481056213
0.7622993588447571
0.7334054112434387
0.7034740447998047
0.7183485627174377
0.7244934439659119
0.7315121293067932
0.7877339124679565
0.7106936573982239
0.7636640071868896
0.7292389869689941
0.7324974536895752
0.787801206111908
0.7408344149589539
0.7195999622344971
0.7072826623916626
0.7444384098052979
0.7455324530601501
0.7178270220756531
0.7534302473068237
0.7919624447822571
0.7190274000167847
0.6985260844230652
0.7465530633926392
0.7785823941230774
0.7481621503829956
0.7338210344314575
0.714488685131073
0.7250165343284607
0.716545045375824
0.7274001240730286
0.7137366533279419
0.7993539571762085
0.7661119103431702
0.7158868908882141
0.7057239413261414
0.7438734769821167
0.7340604662895203
0.7302895784378052
0.6881530284881592
0.6969476938247681
0.7049645185470581
0.7303439974784851
0.7545541524887085
0.7203644514083862
0.7217633724212646
0.7322936654090881
0.722364604473114
0.7173901796340942
0.7150523066520691
0.7511798143386841
0.740540087223053
0.6990466713905334
0.7293241024017334
0.7012201547622681
0.7280445098876953
0.7394645810127258
0.7603405714035034
0.7451592683792114
0.7748405933380127
0.7419135570526123
0.7820664048194885
0.7337183952331543
0.7309101819992065
0.7429165840148926
0.7600645422935486
0.7616949677467346
0.7292425632476807
0.7525330781936646
0.7427170276641846
0.7384293079376221
0.7189984321594238
0.7013397812843323
0.7253873348236084
0.695094883441925
0.7088015079498291
0.6779538989067078
0.724425196647644
0.6939606070518494
0.7587491869926453
0.704455554485321
0.7158563733100891
0.7202527523040771
0.7440462112426758
0.7363777756690979
0.7257555723190308
0.7330577373504639
0.7031698822975159
0.7618990540504456
0.7356275320053101
0.7163516283035278
0.7661417722702026
0.7249080538749695
0.6808876991271973
0.7615586519241333
0.7503212690353394
0.7168307900428772
0.7181128859519958
0.7072796821594238
0.7547266483306885
0.7001761198043823
0.7176344990730286
0.7350274920463562
0.751537024974823
0.7522090673446655
0.7276816368103027
0.7362589240074158
0.7406240701675415
0.6903454661369324
0.6739415526390076
0.7055644392967224
0.7161678075790405
0.7379986643791199
0.7313411235809326
0.7286908030509949
0.7696518301963806
0.7426425814628601
0.7125170230865479
0.7560418844223022
0.7201942801475525
0.6886112093925476
0.7142823934555054
0.7521191835403442
0.6711803674697876
0.6610130071640015
0.7234091758728027
0.7107158899307251
0.6838046312332153
0.6671955585479736
0.7263431549072266
0.698141872882843
0.7033914923667908
0.7413405179977417
0.7242012023925781
0.7101356387138367
0.7147886753082275
0.6813514232635498
0.7794924974441528
0.6942539811134338
0.7001397013664246
0.6856762766838074
0.7009382843971252
0.7085108160972595
0.7217527627944946
0.6933597922325134
0.7356448769569397
0.7534621357917786
0.7214864492416382
0.6993136405944824
0.7115241289138794
0.7005747556686401
0.7212381958961487
0.687799334526062
0.693753182888031
0.7206699848175049
0.6930138468742371
0.7112849354743958
0.7502334117889404
0.7519691586494446
0.7443899512290955
0.7242463231086731
0.7325912117958069
0.6746100187301636
0.7072177529335022
0.6856666803359985
0.7176797389984131
0.7373852133750916
0.6757560968399048
0.6982734203338623
0.7205075025558472
0.741418719291687
0.7476330399513245
0.6835266351699829
0.7600618004798889
0.7472289800643921
0.729138195514679
0.720514714717865
0.6883412003517151
0.7276157736778259
0.720599889755249
0.6975835561752319
0.7173358201980591
0.7162473797798157
0.7190967798233032
0.7235854864120483
0.726391077041626
0.6801580190658569
0.7500264644622803
0.7209932208061218
0.6798502206802368
0.6937938928604126
0.7111154794692993
0.7401946187019348
0.7136164903640747
0.7010830044746399
0.7365620732307434
0.712651252746582
0.6788957715034485
0.7017930150032043
0.7233223915100098
0.6823672652244568
0.7175395488739014
0.7053905129432678
0.6931845545768738
0.6833556294441223
0.7256754636764526
0.7023559808731079
0.7303822636604309
0.7094247341156006
0.6734033823013306
0.717205286026001
0.7336013317108154
0.7463384866714478
0.6823921799659729
0.6918270587921143
0.7559647560119629
0.7093077898025513
0.6933818459510803
0.6568085551261902
0.7260112166404724
0.7297577857971191
0.7050572037696838
0.6893606781959534
0.6882959008216858
0.7228162288665771
0.6976320743560791
0.687802791595459
0.7677218914031982
0.7259628176689148
0.7149406671524048
0.7153798937797546
0.6653546094894409
0.7029404640197754
0.7153825163841248
0.7282406091690063
0.6673732399940491
0.6653734445571899
0.6876257658004761
0.7019838094711304
0.7059221863746643
0.7252705097198486
0.7272334694862366
0.7101751565933228
0.7290514707565308
0.6869305372238159
0.705691933631897
0.7023959755897522
0.7123059630393982
0.6905674338340759
0.7228139042854309
0.6633718609809875
0.6974751353263855
0.6935019493103027
0.6948659420013428
0.718671441078186
0.7550204396247864
0.712942898273468
0.6779726147651672
0.7054575085639954
0.738433301448822
0.6812487840652466
0.7096982002258301
0.7229156494140625
0.7097558379173279
0.7280497550964355
0.659276008605957
0.6882774233818054
0.6852545142173767
0.7422134280204773
0.7108765244483948
0.7130342721939087
0.6861933469772339
0.729468047618866
0.7351146340370178
0.6682177782058716
0.6904026865959167
0.67784583568573
0.6976726651191711
0.6958045363426208
0.6682307124137878
0.7072222828865051
0.7210003137588501
0.7361415028572083
0.6954378485679626
0.7221222519874573
0.7286655306816101
0.6740480065345764
0.6799426674842834
0.6717254519462585
0.7191081643104553
0.7623076438903809
0.7768135070800781
0.6988248825073242
0.726647675037384
0.7059838771820068
0.6441816687583923
0.7286207675933838
0.7164276242256165
0.6872177720069885
0.7153196930885315
0.6955664753913879
0.6844263672828674
0.6806259155273438
0.6441212296485901
0.6483666300773621
0.6862520575523376
0.6976124048233032
0.702534019947052
0.7142009139060974
0.6973299384117126
0.7069877982139587
0.697340190410614
0.68757164478302
0.6957664489746094
0.7078505754470825
0.7146403789520264
0.6861090660095215
0.664518415927887
0.6804453134536743
0.7101656794548035
0.7156429290771484
0.7997269034385681
0.9330573678016663
0.7894074320793152
0.7552450895309448
0.7321929335594177
0.741737425327301
0.7178243398666382
0.7174624800682068
0.6984819769859314
0.6946668028831482
0.6932373046875
0.7146912217140198
0.695110023021698
0.7272226810455322
0.7101606726646423
0.7485831379890442
0.704914927482605
0.6857730150222778
0.6499835252761841
0.7003137469291687
0.7069426774978638
0.66611647605896
0.7151297926902771
0.7064793705940247
0.6954187154769897
0.6790700554847717
0.6894373297691345
0.6760002374649048
0.7072616815567017
0.6970567107200623
0.7031201720237732
0.699596643447876
0.7161091566085815
0.695560872554779
0.6941941976547241
0.6816471219062805
0.7188965082168579
0.7276484370231628
0.7123287320137024
0.718437135219574
0.7261254191398621
0.707310140132904
0.733062207698822
0.6745657920837402
0.7088704109191895
0.6553159356117249
0.685259997844696
0.7197025418281555
0.6768786907196045
0.6802537441253662
0.699235737323761
0.6564085483551025
0.6786872148513794
0.6817165613174438
0.6506357192993164
0.6999714970588684
0.6448535919189453
0.7078672051429749
0.6658785939216614
0.6604466438293457
0.7008959054946899
0.6718350052833557
0.6967637538909912
0.6612333655357361
0.6865973472595215
0.7241522073745728
0.6999992728233337
0.7268316745758057
0.6759787201881409
0.699720561504364
0.6775038838386536
0.7071624398231506
0.6840515732765198
0.6656989455223083
0.6942386627197266
0.6708037257194519
0.6992772221565247
0.6987994313240051
0.6521211266517639
0.6791908740997314
0.6744792461395264
0.7225721478462219
0.691257655620575
0.6952329277992249
0.71497642993927
0.6959540247917175
0.6658617258071899
0.6904960870742798
0.6664234399795532
0.7184341549873352
0.6930902004241943
0.7201663255691528
0.7066059112548828
0.7281668186187744
0.6721203327178955
0.7060244083404541
0.6936507225036621
0.6669442653656006
0.7048212289810181
0.6881446838378906
0.6240532994270325
0.683631181716919
0.6963476538658142
0.7046685814857483
0.7264240384101868
0.6710853576660156
0.7062647342681885
0.7332895994186401
0.6693835854530334
0.6802477836608887
0.6717283129692078
0.6966779828071594
0.6870384216308594
0.67235267162323
0.7128039002418518
0.6785402297973633
0.6974223256111145
0.6611089110374451
0.6943221092224121
0.6672278046607971
0.7037411332130432
0.6799513101577759
0.7022668719291687
0.7026951313018799
0.7145577669143677
0.687079131603241
0.6678473353385925
0.6675744652748108
0.6565085649490356
0.7338714003562927
0.6876706480979919
0.6724461913108826
0.7432568073272705
0.7023400068283081
0.6791220307350159
0.6792140603065491
0.6839450001716614
0.7259393334388733
0.6830252408981323
0.6926978230476379
0.6997740864753723
0.720371425151825
0.6858839392662048
0.7035624980926514
0.684597373008728
0.6754692196846008
0.6900925636291504
0.6787747740745544
0.6763824820518494
0.7046580910682678
0.6943513751029968
0.7250135540962219
0.668138861656189
0.6587994694709778
0.6837986707687378
0.7325755953788757
0.7115634679794312
0.6707850098609924
0.6984653472900391
0.7099101543426514
0.6696485877037048
0.7151068449020386
0.6986650228500366
0.6744759678840637
0.6928602457046509
